10

  7  3  4  8  2  5  9  1  6
  8  5  9  1  3  6  4  7  2
  1  6  2  4  7  9  3  5  8
  9  4  5  6  1  3  2  8  7
  2  1  3  7  9  8  5  6  4
  6  8  7  5  4  2  1  3  9
  4  7  6  9  5  1  8  2  3
  3  9  1  2  8  7  6  4  5
  5  2  8  3  6  4  7  9  1


  0  1  1  2  2  2  3  3  4
  0  5  6  6  7  8  8  9  4
 10  5  5 11  7 12  9  9 13
 10 14 14 11 15 12 16 16 13
 17 17 17 18 15 19 20 20 20
 21 21 22 18 23 19 24 25 25
 26 27 22 28 23 29 24 30 31
 26 27 32 28 23 29 33 30 31
 34 34 32 35 35 35 33 36 36


  0  1  1  0  0  0  1  1  0
  0  2  3  3  1  2  2  3  0
  1  2  2  0  1  0  3  3  1
  1  3  3  0  2  0  2  2  1
  0  0  0  1  2  1  0  0  0
  1  1  2  1  0  1  2  1  1
  0  3  2  3  0  3  2  0  2
  0  3  0  3  0  3  1  0  2
  1  1  0  2  2  2  1  3  3


  4  3  5  6  1  7  2  8  9
  2  8  6  9  5  4  1  3  7
  7  9  1  3  8  2  5  4  6
  6  1  9  7  2  3  4  5  8
  3  2  4  8  9  5  7  6  1
  5  7  8  1  4  6  9  2  3
  9  4  3  2  6  1  8  7  5
  1  5  7  4  3  8  6  9  2
  8  6  2  5  7  9  3  1  4


  0  0  1  1  2  3  4  4  5
  6  7  7  8  2  3  9  9  5
  6 10 10  8  8 11 11  9 12
 13 13 14 14 15 16 17 18 12
 19 20 21 22 15 16 17 18 12
 19 20 21 22 15 23 23 24 24
 19 25 26 26 27 27 28 28 29
 30 25 25 31 32 27 33 33 29
 30 34 34 31 32 35 35 36 36


  0  0  1  1  0  1  0  0  1
  1  2  2  3  0  1  2  2  1
  1  0  0  3  3  0  0  2  0
  2  2  1  1  0  1  2  1  0
  0  1  0  2  0  1  2  1  0
  0  1  0  2  0  3  3  2  2
  0  2  1  1  2  2  0  0  1
  1  2  2  0  1  2  3  3  1
  1  3  3  0  1  0  0  2  2


  4  1  5  6  7  3  8  9  2
  6  9  2  1  8  4  5  3  7
  7  8  3  9  2  5  1  4  6
  8  5  6  4  9  7  2  1  3
  9  2  7  8  3  1  4  6  5
  1  3  4  5  6  2  7  8  9
  2  4  8  3  5  6  9  7  1
  3  7  9  2  1  8  6  5  4
  5  6  1  7  4  9  3  2  8


  0  0  0  1  1  1  2  3  4
  5  5  6  6  7  7  2  3  4
  8  9 10 11 11 12 12 12 13
  8  9 10 14 15 16 16 17 13
 18 19 14 14 15 20 20 17 13
 18 19 21 21 15 20 22 23 24
 18 25 25 25 26 26 22 23 24
 27 28 29 30 30 31 31 32 32
 27 28 29 33 33 33 34 34 34


  0  0  0  1  1  1  0  1  0
  1  1  2  2  3  3  0  1  0
  0  2  0  1  1  2  2  2  1
  0  2  0  2  0  1  1  0  1
  1  0  2  2  0  2  2  0  1
  1  0  1  1  0  2  0  1  0
  1  2  2  2  1  1  0  1  0
  0  1  0  3  3  2  2  3  3
  0  1  0  1  1  1  0  0  0


  4  8  6  3  7  5  9  1  2
  5  2  9  4  6  1  7  8  3
  7  1  3  8  9  2  4  5  6
  6  3  5  2  1  7  8  9  4
  8  9  4  5  3  6  1  2  7
  2  7  1  9  8  4  3  6  5
  9  4  7  6  2  8  5  3  1
  1  6  8  7  5  3  2  4  9
  3  5  2  1  4  9  6  7  8


  0  0  1  1  2  2  3  3  4
  5  5  6  6  2  7  7  8  4
  9  9 10 10 11 12 12  8  4
 13 13 14 14 11 15 16 16 17
 18 19 19 15 15 15 20 20 17
 18 21 21 15 22 23 23 24 24
 25 26 27 27 22 28 28 29 29
 25 26 30 30 31 32 32 33 33
 25 34 34 31 31 35 35 36 36


  0  0  1  1  0  0  1  1  0
  1  1  2  2  0  2  2  3  0
  0  0  1  1  2  0  0  3  0
  1  1  0  0  2  1  2  2  1
  0  2  2  1  1  1  0  0  1
  0  3  3  1  0  2  2  3  3
  1  0  2  2  0  1  1  0  0
  1  0  1  1  2  0  0  1  1
  1  3  3  2  2  1  1  0  0


  8  6  9  1  2  3  4  5  7
  2  3  7  8  4  5  6  1  9
  4  1  5  9  6  7  2  8  3
  9  4  1  2  3  6  5  7  8
  5  7  2  4  9  8  1  3  6
  3  8  6  7  5  1  9  2  4
  6  5  8  3  1  4  7  9  2
  1  2  3  6  7  9  8  4  5
  7  9  4  5  8  2  3  6  1


  0  1  1  2  2  3  3  4  4
  0  1  5  6  7  8  8  9 10
 11 11  5  6  7 12 12  9 10
 13 13 14 15 16 12 17 18 18
 19 19 14 15 16 17 17 20 20
 21 21 14 15 16 22 17 23 23
 24 24 25 26 27 22 22 28 29
 30 31 25 26 27 32 32 28 29
 30 31 31 33 33 34 34 35 35


  0  1  1  0  0  1  1  0  0
  0  1  0  1  2  0  0  1  2
  2  2  0  1  2  3  3  1  2
  0  0  1  0  1  3  0  3  3
  2  2  1  0  1  0  0  1  1
  0  0  1  0  1  2  0  2  2
  1  1  0  1  0  2  2  0  1
  0  2  0  1  0  1  1  0  1
  0  2  2  3  3  0  0  2  2


  6  2  5  9  3  7  8  1  4
  1  7  8  2  4  6  3  5  9
  9  3  4  8  5  1  2  6  7
  2  5  6  7  8  9  1  4  3
  3  8  7  1  2  4  5  9  6
  4  9  1  3  6  5  7  8  2
  5  1  9  6  7  2  4  3  8
  7  4  3  5  9  8  6  2  1
  8  6  2  4  1  3  9  7  5


  0  0  1  2  3  4  4  6  6
  7  8  1  2  3  4  5  5  6
  7  8  9 10 11 11 12 13 13
 14 14  9 10 15 15 12 16 16
 17 17  9 18 18 18 19 20 20
 21 21 22 23 23 24 19 25 25
 26 26 22 27 27 24 19 28 29
 30 31 31 32 33 34 35 28 29
 30 30 32 32 33 34 35 36 36


  0  0  1  0  1  0  0  2  2
  1  2  1  0  1  0  1  1  2
  1  2  0  1  2  2  0  3  3
  3  3  0  1  3  3  0  1  1
  1  1  0  2  2  2  1  0  0
  0  0  1  0  0  3  1  2  2
  2  2  1  2  2  3  1  0  1
  0  3  3  1  0  1  2  0  1
  0  0  1  1  0  1  2  3  3


  9  4  7  8  1  2  3  5  6
  2  3  1  6  4  5  7  8  9
  8  6  5  9  3  7  1  4  2
  4  7  8  1  2  9  5  6  3
  5  9  2  3  6  4  8  7  1
  6  1  3  5  7  8  9  2  4
  7  5  4  2  9  1  6  3  8
  1  8  6  4  5  3  2  9  7
  3  2  9  7  8  6  4  1  5


  0  0  1  1  2  3  3  4  5
  6  6  6  7  2  8  9  4  5
 10 11 12  7  8  8  9 13 14
 10 11 12 15 15 15 16 13 14
 17 17 18 19 19 19 16 20 20
 21 22 18 23 23 23 24 25 26
 21 22 23 24 24 25 24 25 26
 26 27 23 24 28 25 29 29 29
 26 27 30 30 28 31 31 32 32


  0  0  1  1  0  1  1  0  1
  2  2  2  3  0  2  3  0  1
  0  1  0  3  2  2  3  1  0
  0  1  0  1  1  1  0  1  0
  2  2  1  2  2  2  0  2  2
  0  3  1  0  0  0  1  3  1
  0  3  0  1  1  3  1  3  1
  1  2  0  1  0  3  0  0  0
  1  2  3  3  0  1  1  2  2


  7  8  4  9  1  2  3  5  6
  1  9  5  4  6  3  7  8  2
  2  3  6  5  8  7  9  4  1
  5  4  7  8  2  6  1  9  3
  8  1  9  3  7  4  2  6  5
  6  2  3  1  5  9  8  7  4
  9  5  8  6  3  1  4  2  7
  3  6  2  7  4  8  5  1  9
  4  7  1  2  9  5  6  3  8


  0  1  2  3  4  4  5  5  5
  0  1  2  3  6  7  7  8  8
  9 10 10 10  6 11 11 11  8
  9 12 13 13 14 15 16 16 17
 18 12 19 20 14 15 16 21 17
 18 19 19 20 14 22 22 21 23
 24 25 25 25 26 27 27 27 23
 24 24 28 28 26 29 30 31 32
 33 33 33 34 34 29 30 31 32


  0  1  0  1  0  0  1  1  1
  0  1  0  1  2  3  3  0  0
  1  3  3  3  2  1  1  1  0
  1  0  1  1  0  2  0  0  1
  2  0  3  2  0  2  0  2  1
  2  3  3  2  0  1  1  2  0
  0  1  1  1  2  3  3  3  0
  0  0  3  3  2  0  1  0  1
  1  1  1  4  4  0  1  0  1


  7  4  3  8  2  9  5  6  1
  5  6  8  7  1  3  2  9  4
  1  9  2  4  5  6  7  3  8
  8  1  9  2  7  4  6  5  3
  2  7  4  6  3  5  8  1  9
  3  5  6  9  8  1  4  2  7
  6  8  5  1  9  7  3  4  2
  9  3  7  5  4  2  1  8  6
  4  2  1  3  6  8  9  7  5


  0  0  1  1  2  2  3  3  4
  5  6  7  8  8  9  9 10  4
  5  6  7  7 11 12 13 10  4
 14  6 15 15 11 12 13 16 16
 14 17 18 18 11 19 19 16 20
 17 17 21 22 11 23 23 24 20
 25 26 21 22 11 27 27 24 28
 25 26 29 29 30 30 27 24 28
 25 31 31 32 32 33 33 34 34


  0  0  1  1  0  0  1  1  0
  1  2  0  2  2  3  3  2  0
  1  2  0  0  1  0  1  2  0
  0  2  3  3  1  0  1  3  3
  0  1  0  0  1  2  2  3  0
  1  1  2  3  1  0  0  1  0
  0  3  2  3  1  2  2  1  2
  0  3  0  0  3  3  2  1  2
  0  1  1  2  2  0  0  3  3


  5  2  6  1  7  9  8  3  4
  8  7  1  2  3  4  9  5  6
  9  3  4  5  6  8  2  7  1
  1  9  2  6  4  7  3  8  5
  6  8  5  9  1  3  7  4  2
  7  4  3  8  5  2  6  1  9
  2  5  7  4  8  6  1  9  3
  3  1  9  7  2  5  4  6  8
  4  6  8  3  9  1  5  2  7


  0  1  1  2  3  3  4  4  4
  0  5  6  2  7  7  8  9 10
  5  5  6 11 12 12  8  9 10
 13 13 13 11 14 15 15  9 16
 17 18 18 11 14 19 20 20 16
 17 21 22 22 14 19 23 23 23
 24 21 25 26 26 19 27 28 28
 24 21 25 29 29 30 27 28 31
 32 32 32 33 33 30 34 34 31


  0  1  1  0  1  1  0  0  0
  0  2  3  0  2  2  1  2  1
  2  2  3  1  0  0  1  2  1
  0  0  0  1  2  3  3  2  0
  1  2  2  1  2  0  1  1  0
  1  0  3  3  2  0  2  2  2
  2  0  1  4  4  0  1  0  0
  2  0  1  0  0  2  1  0  1
  3  3  3  1  1  2  3  3  1